=== Graph Execution Profile ===
Operation      Time (ms)   Output Shape        Backend
------------------------------------------------------------
EMBEDDING      0.036       [37,2048]            values=[0.0021,0.0021,-0.008,0.0000,0.0108,...] weights=[1.0000,6.0000,24131.,708.00,4083.0,...]
RMS_NORM       0.025       [37,2048]            values=[0.0414,0.0419,-0.149,0.0000,0.2010,...] weights=[0.2285,0.2314,0.2060,0.2382,0.2216,...]
MATMUL         2.891       [37,6144]            values=[0.0510,0.2551,-0.022,-1.808,1.1787,...] weights=[-11,-6,4,16,3,...]
RESHAPE        0.009       [37,3,2048]          values=[0.0510,0.2551,-0.022,-1.808,1.1787,...]
SLICE          0.004       [37,1,2048]          values=[0.0510,0.2551,-0.022,-1.808,1.1787,...]
SLICE          0.005       [37,1,2048]          values=[-0.088,0.0286,0.0168,0.0889,0.0641,...]
SLICE          0.013       [37,1,2048]          values=[0.1600,0.1287,-0.044,-1.500,-0.946,...]
RESHAPE        0.012       [37,2048]            values=[0.0510,0.2551,-0.022,-1.808,1.1787,...]
RESHAPE        0.012       [37,2048]            values=[-0.088,0.0286,0.0168,0.0889,0.0641,...]
RESHAPE        0.078       [37,2048]            values=[0.1600,0.1287,-0.044,-1.500,-0.946,...]
MULTIPLY       0.092       [37,2048]            values=[0.0081,0.0328,0.0009,2.7128,-1.115,...]
RESHAPE        0.016       [1,37,2048]          values=[0.0081,0.0328,0.0009,2.7128,-1.115,...]
CONV1D_CAUSAL  0.191       [1,37,2048]          values=[-0.000,0.0001,0.0000,0.0118,0.0024,...]
SLICE          0.015       [1,37,2048]          values=[-0.000,0.0001,0.0000,0.0118,0.0024,...]
RESHAPE        0.014       [37,2048]            values=[-0.000,0.0001,0.0000,0.0118,0.0024,...]
MULTIPLY       0.064       [37,2048]            values=[0.0000,0.0000,0.0000,0.0010,0.0001,...]
MATMUL         0.703       [37,2048]            values=[-0.001,0.0001,-0.003,-0.000,0.0005,...] weights=[8,-4,2,5,-12,...]
ADD            0.035       [37,2048]            values=[0.0006,0.0023,-0.011,-0.000,0.0113,...]
RMS_NORM       0.018       [37,2048]            values=[0.0052,0.0174,-0.091,-0.001,0.0879,...] weights=[0.0981,0.0937,0.0961,0.0957,0.0976,...]
MATMUL         2.231       [37,8192]            values=[-0.035,-0.073,-0.059,-0.053,-0.085,...] weights=[-17,4,21,-4,9,...]
MATMUL         2.300       [37,8192]            values=[0.0172,0.0351,-0.023,0.0208,0.0265,...] weights=[-5,13,-1,11,14,...]
SILU           0.214       [37,8192]            values=[-0.017,-0.035,-0.028,-0.026,-0.040,...]
MULTIPLY       0.135       [37,8192]            values=[-0.000,-0.001,0.0006,-0.000,-0.001,...]
MATMUL         2.722       [37,2048]            values=[0.0196,0.0046,-0.011,0.0089,0.0124,...] weights=[2,1,1,11,1,...]
ADD            0.034       [37,2048]            values=[0.0203,0.0070,-0.023,0.0087,0.0238,...]
RMS_NORM       0.021       [37,2048]            values=[0.2288,0.0773,-0.289,0.0969,0.2661,...] weights=[0.2539,0.2480,0.2734,0.2490,0.2519,...]
MATMUL         2.048       [37,6144]            values=[-1.416,-0.043,-0.116,0.4926,-0.087,...] weights=[8,-5,1,0,-2,...]
RESHAPE        0.011       [37,3,2048]          values=[-1.416,-0.043,-0.116,0.4926,-0.087,...]
SLICE          0.003       [37,1,2048]          values=[-1.416,-0.043,-0.116,0.4926,-0.087,...]
SLICE          0.006       [37,1,2048]          values=[1.0751,0.2192,-0.110,-0.073,-0.065,...]
SLICE          0.017       [37,1,2048]          values=[1.0888,-0.295,-0.561,-0.079,0.0958,...]
RESHAPE        0.016       [37,2048]            values=[-1.416,-0.043,-0.116,0.4926,-0.087,...]
RESHAPE        0.017       [37,2048]            values=[1.0751,0.2192,-0.110,-0.073,-0.065,...]
RESHAPE        0.017       [37,2048]            values=[1.0888,-0.295,-0.561,-0.079,0.0958,...]
MULTIPLY       0.067       [37,2048]            values=[-1.541,0.0127,0.0651,-0.039,-0.008,...]
RESHAPE        0.019       [1,37,2048]          values=[-1.541,0.0127,0.0651,-0.039,-0.008,...]
CONV1D_CAUSAL  0.176       [1,37,2048]          values=[-0.002,-0.000,-0.002,0.0019,0.0000,...]
SLICE          0.018       [1,37,2048]          values=[-0.002,-0.000,-0.002,0.0019,0.0000,...]
RESHAPE        0.059       [37,2048]            values=[-0.002,-0.000,-0.002,0.0019,0.0000,...]
MULTIPLY       0.075       [37,2048]            values=[-0.002,-0.000,0.0002,-0.000,-0.000,...]
MATMUL         0.774       [37,2048]            values=[-0.001,0.0001,-0.006,0.0116,0.0010,...] weights=[1,0,1,-6,-3,...]
ADD            0.034       [37,2048]            values=[0.0192,0.0071,-0.030,0.0204,0.0248,...]
RMS_NORM       0.019       [37,2048]            values=[0.0524,0.0190,-0.084,0.0576,0.0690,...] weights=[0.1157,0.1127,0.1171,0.1196,0.1181,...]
MATMUL         3.353       [37,8192]            values=[-0.139,-0.004,-0.151,0.0724,-0.131,...] weights=[15,5,9,-3,-5,...]
MATMUL         2.630       [37,8192]            values=[-0.004,-0.121,-0.011,-0.029,0.0167,...] weights=[-3,10,-4,-3,1,...]
SILU           0.204       [37,8192]            values=[-0.064,-0.002,-0.070,0.0375,-0.061,...]
MULTIPLY       0.172       [37,8192]            values=[0.0003,0.0002,0.0007,-0.001,-0.001,...]
MATMUL         2.374       [37,2048]            values=[0.0110,0.0087,0.0142,-0.013,-0.016,...] weights=[-1,-2,1,-4,-4,...]
ADD            0.048       [37,2048]            values=[0.0302,0.0159,-0.016,0.0074,0.0081,...]
RMS_NORM       0.030       [37,2048]            values=[0.0094,0.0043,-0.007,0.0026,0.0023,...] weights=[0.0252,0.0219,0.0393,0.0284,0.0236,...]
MATMUL         0.736       [37,2048]            values=[-0.001,-0.001,0.0021,-0.002,0.0007,...] weights=[-3,0,5,-5,-4,...]
MATMUL         0.338       [37,512]             values=[-0.000,0.0058,0.0019,-0.001,-0.001,...] weights=[-10,5,18,1,27,...]
MATMUL         0.408       [37,512]             values=[-0.000,-0.001,-0.002,-0.000,-0.000,...] weights=[-1,-11,13,-19,-3,...]
RESHAPE        0.004       [1184,64]            values=[-0.001,-0.001,0.0021,-0.002,0.0007,...]
RMS_NORM       0.017       [1184,64]            values=[-0.118,-0.148,0.1738,-0.170,0.0580,...] weights=[1.3046,1.3515,1.1015,1.0781,1.1406,...]
RESHAPE        0.013       [37,2048]            values=[-0.118,-0.148,0.1738,-0.170,0.0580,...]
RESHAPE        0.001       [296,64]             values=[-0.000,0.0058,0.0019,-0.001,-0.001,...]
RMS_NORM       0.006       [296,64]             values=[-0.062,0.5249,0.1738,-0.150,-0.110,...] weights=[1.1093,1.4609,1.4453,1.4843,1.4531,...]
RESHAPE        0.004       [37,512]             values=[-0.062,0.5249,0.1738,-0.150,-0.110,...]
RESHAPE        0.013       [1,37,32,64]         values=[-0.118,-0.148,0.1738,-0.170,0.0580,...]
RESHAPE        0.005       [1,37,8,64]          values=[-0.062,0.5249,0.1738,-0.150,-0.110,...]
RESHAPE        0.004       [1,37,8,64]          values=[-0.000,-0.001,-0.002,-0.000,-0.000,...]
ROPE           0.044       [1,37,32,64]         values=[-0.118,-0.148,0.1738,-0.170,0.0580,...]
ROPE           0.006       [1,37,8,64]          values=[-0.062,0.5249,0.1738,-0.150,-0.110,...]
ATTENTION      0.209       [1,37,32,64]         values=[-0.000,-0.001,-0.002,-0.000,-0.000,...] weights=[-0.062,0.5249,0.1738,-0.150,-0.110,...]
RESHAPE        0.014       [37,2048]            values=[-0.000,-0.001,-0.002,-0.000,-0.000,...]
MATMUL         0.809       [37,2048]            values=[-0.013,0.0087,0.0000,0.0135,-0.014,...] weights=[5,-5,-6,8,-11,...]
ADD            0.058       [37,2048]            values=[0.0168,0.0246,-0.016,0.0209,-0.006,...]
RMS_NORM       0.010       [37,2048]            values=[0.0254,0.0365,-0.021,0.0289,-0.009,...] weights=[0.1181,0.1162,0.1044,0.1083,0.1186,...]
MATMUL         3.523       [37,8192]            values=[-0.045,0.0085,0.0315,-0.059,-0.057,...] weights=[-3,-3,5,-1,5,...]
MATMUL         3.411       [37,8192]            values=[0.0239,0.0714,0.0191,-0.015,-0.091,...] weights=[4,11,13,-6,-1,...]
SILU           0.373       [37,8192]            values=[-0.022,0.0043,0.0160,-0.029,-0.027,...]
MULTIPLY       0.177       [37,8192]            values=[-0.000,0.0003,0.0003,0.0004,0.0025,...]
MATMUL         2.758       [37,2048]            values=[-0.003,0.0034,-0.003,-0.003,-0.002,...] weights=[5,1,-3,-4,-1,...]
ADD            0.059       [37,2048]            values=[0.0129,0.0281,-0.019,0.0170,-0.008,...]
RMS_NORM       0.025       [37,2048]            values=[0.0398,0.0868,-0.060,0.0512,-0.028,...] weights=[0.2470,0.2480,0.2500,0.2421,0.2617,...]
MATMUL         1.636       [37,6144]            values=[-0.282,-0.009,-0.175,-0.053,-0.050,...] weights=[1,-3,0,8,-9,...]
RESHAPE        0.007       [37,3,2048]          values=[-0.282,-0.009,-0.175,-0.053,-0.050,...]
SLICE          0.003       [37,1,2048]          values=[-0.282,-0.009,-0.175,-0.053,-0.050,...]
SLICE          0.006       [37,1,2048]          values=[-0.106,-0.152,-0.017,0.2858,0.2159,...]
SLICE          0.014       [37,1,2048]          values=[0.1480,-0.025,-0.070,-0.030,-0.411,...]
RESHAPE        0.012       [37,2048]            values=[-0.282,-0.009,-0.175,-0.053,-0.050,...]
RESHAPE        0.018       [37,2048]            values=[-0.106,-0.152,-0.017,0.2858,0.2159,...]
RESHAPE        0.026       [37,2048]            values=[0.1480,-0.025,-0.070,-0.030,-0.411,...]
MULTIPLY       0.098       [37,2048]            values=[-0.041,0.0002,0.0123,0.0016,0.0206,...]
RESHAPE        0.021       [1,37,2048]          values=[-0.041,0.0002,0.0123,0.0016,0.0206,...]
CONV1D_CAUSAL  0.156       [1,37,2048]          values=[-0.001,-0.000,0.0013,0.0001,-0.002,...]
SLICE          0.011       [1,37,2048]          values=[-0.001,-0.000,0.0013,0.0001,-0.002,...]
RESHAPE        0.013       [37,2048]            values=[-0.001,-0.000,0.0013,0.0001,-0.002,...]
MULTIPLY       0.070       [37,2048]            values=[0.0001,0.0000,-0.000,0.0000,-0.000,...]
MATMUL         0.582       [37,2048]            values=[-0.000,0.0005,0.0024,0.0005,-0.000,...] weights=[-5,-1,-1,-5,3,...]
ADD            0.034       [37,2048]            values=[0.0124,0.0287,-0.017,0.0175,-0.009,...]
RMS_NORM       0.051       [37,2048]            values=[0.0202,0.0477,-0.023,0.0277,-0.015,...] weights=[0.1308,0.1337,0.1088,0.1269,0.1318,...]
MATMUL         2.224       [37,8192]            values=[-0.022,-0.105,-0.006,-0.033,-0.075,...] weights=[-2,9,9,-2,0,...]
MATMUL         2.562       [37,8192]            values=[-0.047,0.0065,0.0406,0.0147,-0.038,...] weights=[4,-3,-4,-13,-9,...]
SILU           0.237       [37,8192]            values=[-0.010,-0.049,-0.003,-0.016,-0.036,...]
MULTIPLY       0.115       [37,8192]            values=[0.0005,-0.000,-0.000,-0.000,0.0013,...]
MATMUL         2.716       [37,2048]            values=[0.0015,-0.002,-0.003,-0.009,-0.002,...] weights=[1,3,0,0,-2,...]
ADD            0.031       [37,2048]            values=[0.0140,0.0267,-0.020,0.0079,-0.011,...]
RMS_NORM       0.021       [37,2048]            values=[0.0436,0.0812,-0.060,0.0258,-0.034,...] weights=[0.2539,0.2480,0.2402,0.2656,0.2500,...]
MATMUL         2.245       [37,6144]            values=[-0.382,0.1417,0.2297,0.1250,0.5405,...] weights=[-4,-13,-8,-1,-2,...]
RESHAPE        0.010       [37,3,2048]          values=[-0.382,0.1417,0.2297,0.1250,0.5405,...]
SLICE          0.004       [37,1,2048]          values=[-0.382,0.1417,0.2297,0.1250,0.5405,...]
SLICE          0.009       [37,1,2048]          values=[0.0037,0.2407,0.1040,-0.059,-0.016,...]
SLICE          0.014       [37,1,2048]          values=[-0.087,0.0110,0.2690,0.0364,0.0079,...]
RESHAPE        0.014       [37,2048]            values=[-0.382,0.1417,0.2297,0.1250,0.5405,...]
RESHAPE        0.016       [37,2048]            values=[0.0037,0.2407,0.1040,-0.059,-0.016,...]
RESHAPE        0.012       [37,2048]            values=[-0.087,0.0110,0.2690,0.0364,0.0079,...]
MULTIPLY       0.062       [37,2048]            values=[0.0335,0.0015,0.0617,0.0045,0.0043,...]
RESHAPE        0.016       [1,37,2048]          values=[0.0335,0.0015,0.0617,0.0045,0.0043,...]
CONV1D_CAUSAL  0.202       [1,37,2048]          values=[-0.001,-0.000,0.0012,-0.000,-0.000,...]
SLICE          0.015       [1,37,2048]          values=[-0.001,-0.000,0.0012,-0.000,-0.000,...]
RESHAPE        0.015       [37,2048]            values=[-0.001,-0.000,0.0012,-0.000,-0.000,...]
MULTIPLY       0.093       [37,2048]            values=[-0.000,-0.000,0.0001,0.0000,0.0000,...]
MATMUL         0.980       [37,2048]            values=[0.0004,0.0009,-0.000,-0.001,-0.001,...] weights=[0,6,4,-5,-3,...]
ADD            0.044       [37,2048]            values=[0.0144,0.0276,-0.020,0.0064,-0.013,...]
RMS_NORM       0.021       [37,2048]            values=[0.0234,0.0442,-0.026,0.0102,-0.020,...] weights=[0.1376,0.1357,0.1093,0.1347,0.1337,...]
MATMUL         2.392       [37,8192]            values=[-0.031,-0.009,-0.019,-0.090,-0.027,...] weights=[0,-1,5,1,-2,...]
MATMUL         2.116       [37,8192]            values=[0.0118,-0.005,0.0332,0.0182,-0.039,...] weights=[-1,5,4,-5,2,...]
SILU           0.169       [37,8192]            values=[-0.015,-0.004,-0.009,-0.043,-0.013,...]
MULTIPLY       0.148       [37,8192]            values=[-0.000,0.0000,-0.000,-0.000,0.0005,...]
MATMUL         2.394       [37,2048]            values=[-0.003,-0.004,0.0004,-0.005,-0.002,...] weights=[0,0,0,-3,-2,...]
ADD            0.057       [37,2048]            values=[0.0105,0.0228,-0.020,0.0010,-0.015,...]
RMS_NORM       0.020       [37,2048]            values=[0.0053,0.0120,-0.009,0.0006,-0.009,...] weights=[0.0463,0.0483,0.0415,0.0546,0.0532,...]
MATMUL         0.790       [37,2048]            values=[0.0296,-0.003,-0.002,-0.011,-0.003,...] weights=[-7,11,-10,2,-6,...]
MATMUL         0.335       [37,512]             values=[-0.002,0.0023,0.0009,-0.002,-0.000,...] weights=[10,-4,12,14,7,...]
MATMUL         0.331       [37,512]             values=[0.0298,0.0280,-0.048,-0.000,0.0105,...] weights=[-5,15,6,-24,21,...]
RESHAPE        0.003       [1184,64]            values=[0.0296,-0.003,-0.002,-0.011,-0.003,...]
RMS_NORM       0.020       [1184,64]            values=[1.2207,-0.178,-0.140,-0.553,-0.208,...] weights=[1.1015,1.5078,1.3515,1.3046,1.5000,...]
RESHAPE        0.014       [37,2048]            values=[1.2207,-0.178,-0.140,-0.553,-0.208,...]
RESHAPE        0.004       [296,64]             values=[-0.002,0.0023,0.0009,-0.002,-0.000,...]
RMS_NORM       0.005       [296,64]             values=[-0.030,0.0809,0.0306,-0.096,-0.021,...] weights=[0.6406,1.5000,1.4296,1.5078,1.3593,...]
RESHAPE        0.005       [37,512]             values=[-0.030,0.0809,0.0306,-0.096,-0.021,...]
RESHAPE        0.013       [1,37,32,64]         values=[1.2207,-0.178,-0.140,-0.553,-0.208,...]
RESHAPE        0.004       [1,37,8,64]          values=[-0.030,0.0809,0.0306,-0.096,-0.021,...]
RESHAPE        0.003       [1,37,8,64]          values=[0.0298,0.0280,-0.048,-0.000,0.0105,...]
ROPE           0.021       [1,37,32,64]         values=[1.2207,-0.178,-0.140,-0.553,-0.208,...]
ROPE           0.005       [1,37,8,64]          values=[-0.030,0.0809,0.0306,-0.096,-0.021,...]
ATTENTION      0.186       [1,37,32,64]         values=[0.0298,0.0280,-0.048,-0.000,0.0105,...] weights=[-0.030,0.0809,0.0306,-0.096,-0.021,...]
RESHAPE        0.014       [37,2048]            values=[0.0298,0.0280,-0.048,-0.000,0.0105,...]
MATMUL         0.722       [37,2048]            values=[-0.001,0.0058,-0.010,0.0074,0.0127,...] weights=[8,-3,-2,1,1,...]
ADD            0.054       [37,2048]            values=[0.0085,0.0286,-0.030,0.0085,-0.003,...]
RMS_NORM       0.020       [37,2048]            values=[0.0154,0.0514,-0.041,0.0132,-0.005,...] weights=[0.1523,0.1513,0.1132,0.1308,0.1503,...]
MATMUL         2.985       [37,8192]            values=[-0.018,-0.078,-0.006,-0.081,-0.083,...] weights=[-4,-12,2,1,-1,...]
MATMUL         2.919       [37,8192]            values=[0.0768,-0.041,-0.066,0.0188,-0.000,...] weights=[-6,-2,-2,-2,-5,...]
SILU           0.284       [37,8192]            values=[-0.009,-0.037,-0.003,-0.039,-0.040,...]
MULTIPLY       0.107       [37,8192]            values=[-0.000,0.0015,0.0002,-0.000,0.0000,...]
MATMUL         2.378       [37,2048]            values=[-0.000,0.0178,-0.004,0.0079,0.0144,...] weights=[0,3,-1,1,1,...]
ADD            0.099       [37,2048]            values=[0.0078,0.0465,-0.035,0.0164,0.0113,...]
RMS_NORM       0.021       [37,2048]            values=[0.0299,0.1817,-0.104,0.0548,0.0431,...] weights=[0.3164,0.3222,0.2470,0.2753,0.3125,...]
MATMUL         1.777       [37,6144]            values=[-0.038,-0.588,0.3181,0.2199,-0.544,...] weights=[-3,-7,-12,3,-5,...]
RESHAPE        0.007       [37,3,2048]          values=[-0.038,-0.588,0.3181,0.2199,-0.544,...]
SLICE          0.003       [37,1,2048]          values=[-0.038,-0.588,0.3181,0.2199,-0.544,...]
SLICE          0.005       [37,1,2048]          values=[-0.113,-0.177,-0.242,-0.650,-0.154,...]
SLICE          0.014       [37,1,2048]          values=[0.2570,-0.307,-0.007,0.0210,0.0253,...]
RESHAPE        0.012       [37,2048]            values=[-0.038,-0.588,0.3181,0.2199,-0.544,...]
RESHAPE        0.012       [37,2048]            values=[-0.113,-0.177,-0.242,-0.650,-0.154,...]
RESHAPE        0.013       [37,2048]            values=[0.2570,-0.307,-0.007,0.0210,0.0253,...]
MULTIPLY       0.064       [37,2048]            values=[-0.009,0.1809,-0.002,0.0046,-0.013,...]
RESHAPE        0.017       [1,37,2048]          values=[-0.009,0.1809,-0.002,0.0046,-0.013,...]
CONV1D_CAUSAL  0.134       [1,37,2048]          values=[0.0001,-0.022,0.0003,-0.000,0.0017,...]
SLICE          0.015       [1,37,2048]          values=[0.0001,-0.022,0.0003,-0.000,0.0017,...]
RESHAPE        0.017       [37,2048]            values=[0.0001,-0.022,0.0003,-0.000,0.0017,...]
MULTIPLY       0.064       [37,2048]            values=[-0.000,0.0040,-0.000,0.0004,-0.000,...]
MATMUL         0.590       [37,2048]            values=[-0.006,0.0312,0.0000,0.0058,0.0202,...] weights=[-2,0,-2,-4,-5,...]
ADD            0.036       [37,2048]            values=[0.0011,0.0777,-0.035,0.0222,0.0316,...]
RMS_NORM       0.021       [37,2048]            values=[0.0028,0.1967,-0.057,0.0461,0.0803,...] weights=[0.1757,0.1806,0.1166,0.1484,0.1816,...]
MATMUL         2.337       [37,8192]            values=[0.0021,-0.206,-0.107,0.0794,-0.037,...] weights=[2,-5,0,-6,3,...]
MATMUL         3.087       [37,8192]            values=[-0.011,0.1035,0.1817,0.0501,0.0100,...] weights=[0,0,3,-11,-6,...]
SILU           0.314       [37,8192]            values=[0.0011,-0.092,-0.050,0.0413,-0.018,...]
MULTIPLY       0.222       [37,8192]            values=[-0.000,-0.009,-0.009,0.0020,-0.000,...]
MATMUL         4.538       [37,2048]            values=[-0.007,0.0237,-0.004,0.0068,0.0566,...] weights=[1,0,4,-2,-2,...]
ADD            0.131       [37,2048]            values=[-0.006,0.1015,-0.039,0.0290,0.0882,...]
RMS_NORM       0.025       [37,2048]            values=[-0.024,0.4213,-0.117,0.1031,0.3457,...] weights=[0.2929,0.3144,0.2265,0.2695,0.2968,...]
MATMUL         2.608       [37,6144]            values=[0.3120,-1.021,0.0564,-0.144,0.3854,...] weights=[-13,-6,3,-5,6,...]
RESHAPE        0.009       [37,3,2048]          values=[0.3120,-1.021,0.0564,-0.144,0.3854,...]
SLICE          0.003       [37,1,2048]          values=[0.3120,-1.021,0.0564,-0.144,0.3854,...]
SLICE          0.005       [37,1,2048]          values=[-0.244,0.9741,-0.015,-0.203,0.5493,...]
SLICE          0.015       [37,1,2048]          values=[-0.124,-0.016,0.1370,-0.153,0.4023,...]
RESHAPE        0.013       [37,2048]            values=[0.3120,-1.021,0.0564,-0.144,0.3854,...]
RESHAPE        0.013       [37,2048]            values=[-0.244,0.9741,-0.015,-0.203,0.5493,...]
RESHAPE        0.014       [37,2048]            values=[-0.124,-0.016,0.1370,-0.153,0.4023,...]
MULTIPLY       0.044       [37,2048]            values=[-0.038,0.0169,0.0077,0.0221,0.1551,...]
RESHAPE        0.018       [1,37,2048]          values=[-0.038,0.0169,0.0077,0.0221,0.1551,...]
CONV1D_CAUSAL  0.258       [1,37,2048]          values=[0.0037,-0.001,-0.001,-0.002,-0.025,...]
SLICE          0.024       [1,37,2048]          values=[0.0037,-0.001,-0.001,-0.002,-0.025,...]
RESHAPE        0.020       [37,2048]            values=[0.0037,-0.001,-0.001,-0.002,-0.025,...]
MULTIPLY       0.096       [37,2048]            values=[-0.000,-0.001,0.0000,0.0004,-0.013,...]
MATMUL         0.664       [37,2048]            values=[-0.005,0.0120,0.0013,0.0095,-0.003,...] weights=[3,-3,0,8,-5,...]
ADD            0.043       [37,2048]            values=[-0.012,0.1135,-0.037,0.0385,0.0845,...]
RMS_NORM       0.021       [37,2048]            values=[-0.027,0.2680,-0.059,0.0764,0.2019,...] weights=[0.1679,0.1757,0.1162,0.1474,0.1777,...]
MATMUL         2.421       [37,8192]            values=[-0.019,0.0539,-0.107,-0.420,-0.011,...] weights=[11,2,-1,-14,-2,...]
MATMUL         2.936       [37,8192]            values=[-0.074,-0.157,0.1068,-0.020,-0.091,...] weights=[8,2,1,-4,-2,...]
SILU           0.247       [37,8192]            values=[-0.009,0.0276,-0.050,-0.166,-0.005,...]
MULTIPLY       0.133       [37,8192]            values=[0.0007,-0.004,-0.005,0.0033,0.0005,...]
MATMUL         3.856       [37,2048]            values=[-0.087,0.0159,0.2000,-0.193,0.0589,...] weights=[5,2,-1,2,2,...]
ADD            0.054       [37,2048]            values=[-0.099,0.1295,0.1622,-0.155,0.1435,...]
RMS_NORM       0.023       [37,2048]            values=[-0.008,0.0111,0.0075,-0.011,0.0110,...] weights=[0.0771,0.0820,0.0441,0.0683,0.0732,...]
MATMUL         0.780       [37,2048]            values=[0.0518,0.0118,-0.016,-0.014,0.0104,...] weights=[-3,-20,-1,2,16,...]
MATMUL         0.375       [37,512]             values=[0.0003,-0.000,0.0004,0.0049,-0.000,...] weights=[4,0,11,6,16,...]
MATMUL         0.360       [37,512]             values=[0.0042,0.0071,0.0161,-0.006,-0.019,...] weights=[5,-1,-8,8,13,...]
RESHAPE        0.009       [1184,64]            values=[0.0518,0.0118,-0.016,-0.014,0.0104,...]
RMS_NORM       0.025       [1184,64]            values=[0.0422,0.7070,-0.818,-0.633,0.6967,...] weights=[0.0169,1.2421,1.0546,0.8945,1.3906,...]
RESHAPE        0.022       [37,2048]            values=[0.0422,0.7070,-0.818,-0.633,0.6967,...]
RESHAPE        0.042       [296,64]             values=[0.0003,-0.000,0.0004,0.0049,-0.000,...]
RMS_NORM       0.046       [296,64]             values=[0.0000,-0.044,0.0255,0.0933,-0.011,...] weights=[0.0057,1.5234,1.3750,0.4492,1.5859,...]
RESHAPE        0.005       [37,512]             values=[0.0000,-0.044,0.0255,0.0933,-0.011,...]
RESHAPE        0.074       [1,37,32,64]         values=[0.0422,0.7070,-0.818,-0.633,0.6967,...]
RESHAPE        0.042       [1,37,8,64]          values=[0.0000,-0.044,0.0255,0.0933,-0.011,...]
RESHAPE        0.007       [1,37,8,64]          values=[0.0042,0.0071,0.0161,-0.006,-0.019,...]
ROPE           0.028       [1,37,32,64]         values=[0.0422,0.7070,-0.818,-0.633,0.6967,...]
ROPE           0.006       [1,37,8,64]          values=[0.0000,-0.044,0.0255,0.0933,-0.011,...]
ATTENTION      0.193       [1,37,32,64]         values=[0.0042,0.0071,0.0161,-0.006,-0.019,...] weights=[0.0000,-0.044,0.0255,0.0933,-0.011,...]
RESHAPE        0.015       [37,2048]            values=[0.0042,0.0071,0.0161,-0.006,-0.019,...]
MATMUL         0.829       [37,2048]            values=[-0.007,-0.008,-0.005,0.0129,-0.019,...] weights=[8,-6,-5,-12,6,...]
ADD            0.038       [37,2048]            values=[-0.107,0.1215,0.1567,-0.142,0.1242,...]
RMS_NORM       0.018       [37,2048]            values=[-0.019,0.0222,0.0213,-0.022,0.0240,...] weights=[0.1728,0.1757,0.1308,0.1484,0.1855,...]
MATMUL         2.367       [37,8192]            values=[-0.040,-0.020,-0.041,-0.008,-0.033,...] weights=[6,2,2,-2,1,...]
MATMUL         2.341       [37,8192]            values=[0.0487,0.0579,-0.087,0.0103,0.0128,...] weights=[-1,-6,-3,-2,-8,...]
SILU           0.191       [37,8192]            values=[-0.019,-0.009,-0.020,-0.004,-0.016,...]
MULTIPLY       0.073       [37,8192]            values=[-0.000,-0.000,0.0017,-0.000,-0.000,...]
MATMUL         2.479       [37,2048]            values=[0.0006,0.0000,-0.000,-0.000,0.0026,...] weights=[-9,0,-14,-3,2,...]
ADD            0.056       [37,2048]            values=[-0.106,0.1215,0.1561,-0.142,0.1269,...]
RMS_NORM       0.021       [37,2048]            values=[-0.035,0.0397,0.0412,-0.040,0.0444,...] weights=[0.3164,0.3144,0.2539,0.2695,0.3359,...]
MATMUL         2.318       [37,6144]            values=[-0.126,-0.033,0.0448,-0.059,0.0495,...] weights=[-3,4,-2,1,-8,...]
RESHAPE        0.045       [37,3,2048]          values=[-0.126,-0.033,0.0448,-0.059,0.0495,...]
SLICE          0.011       [37,1,2048]          values=[-0.126,-0.033,0.0448,-0.059,0.0495,...]
SLICE          0.003       [37,1,2048]          values=[0.1663,0.0060,-0.071,0.0021,-0.127,...]
SLICE          0.004       [37,1,2048]          values=[0.0320,0.0028,-0.109,0.0099,0.0958,...]
RESHAPE        0.005       [37,2048]            values=[-0.126,-0.033,0.0448,-0.059,0.0495,...]
RESHAPE        0.012       [37,2048]            values=[0.1663,0.0060,-0.071,0.0021,-0.127,...]
RESHAPE        0.017       [37,2048]            values=[0.0320,0.0028,-0.109,0.0099,0.0958,...]
MULTIPLY       0.076       [37,2048]            values=[-0.004,-0.000,-0.004,-0.000,0.0047,...]
RESHAPE        0.019       [1,37,2048]          values=[-0.004,-0.000,-0.004,-0.000,0.0047,...]
CONV1D_CAUSAL  0.228       [1,37,2048]          values=[0.0006,0.0000,0.0007,-0.000,0.0007,...]
SLICE          0.016       [1,37,2048]          values=[0.0006,0.0000,0.0007,-0.000,0.0007,...]
RESHAPE        0.016       [37,2048]            values=[0.0006,0.0000,0.0007,-0.000,0.0007,...]
MULTIPLY       0.068       [37,2048]            values=[0.0001,0.0000,-0.000,-0.000,-0.000,...]
MATMUL         0.820       [37,2048]            values=[-0.004,0.0002,0.0201,0.0050,0.0006,...] weights=[4,-1,3,-6,3,...]
ADD            0.035       [37,2048]            values=[-0.111,0.1218,0.1762,-0.137,0.1276,...]
RMS_NORM       0.020       [37,2048]            values=[-0.020,0.0229,0.0264,-0.022,0.0243,...] weights=[0.1865,0.1933,0.1542,0.1699,0.1962,...]
MATMUL         2.810       [37,8192]            values=[-0.023,-0.148,-0.112,-0.069,-0.145,...] weights=[0,0,-2,-9,3,...]
MATMUL         3.535       [37,8192]            values=[0.0361,0.0458,0.0619,-0.007,0.0387,...] weights=[4,3,0,0,-1,...]
SILU           0.181       [37,8192]            values=[-0.011,-0.068,-0.053,-0.033,-0.067,...]
MULTIPLY       0.152       [37,8192]            values=[-0.000,-0.003,-0.003,0.0002,-0.002,...]
MATMUL         2.478       [37,2048]            values=[0.0000,0.0000,0.0000,0.0000,0.0005,...] weights=[2,1,-3,0,4,...]
ADD            0.040       [37,2048]            values=[-0.111,0.1218,0.1762,-0.137,0.1281,...]
RMS_NORM       0.022       [37,2048]            values=[-0.011,0.0128,0.0174,-0.015,0.0130,...] weights=[0.1049,0.1083,0.1015,0.1152,0.1044,...]
MATMUL         0.571       [37,2048]            values=[-0.013,0.0015,0.0123,0.0204,0.0169,...] weights=[22,-2,-13,1,11,...]
MATMUL         0.344       [37,512]             values=[-0.005,0.0068,-0.003,-0.010,0.0010,...] weights=[4,11,-2,0,0,...]
MATMUL         0.351       [37,512]             values=[-0.017,0.0138,-0.005,-0.018,0.0012,...] weights=[16,-3,-1,23,12,...]
RESHAPE        0.003       [1184,64]            values=[-0.013,0.0015,0.0123,0.0204,0.0169,...]
RMS_NORM       0.016       [1184,64]            values=[-0.415,0.0529,0.4916,0.8383,0.7900,...] weights=[0.9843,1.1328,1.3046,1.3359,1.5234,...]
RESHAPE        0.013       [37,2048]            values=[-0.415,0.0529,0.4916,0.8383,0.7900,...]
RESHAPE        0.004       [296,64]             values=[-0.005,0.0068,-0.003,-0.010,0.0010,...]
RMS_NORM       0.005       [296,64]             values=[-0.122,0.2127,-0.089,-0.352,0.0300,...] weights=[0.9804,1.4296,1.2968,1.5000,1.3125,...]
RESHAPE        0.004       [37,512]             values=[-0.122,0.2127,-0.089,-0.352,0.0300,...]
RESHAPE        0.013       [1,37,32,64]         values=[-0.415,0.0529,0.4916,0.8383,0.7900,...]
RESHAPE        0.006       [1,37,8,64]          values=[-0.122,0.2127,-0.089,-0.352,0.0300,...]
RESHAPE        0.004       [1,37,8,64]          values=[-0.017,0.0138,-0.005,-0.018,0.0012,...]
ROPE           0.019       [1,37,32,64]         values=[-0.415,0.0529,0.4916,0.8383,0.7900,...]
ROPE           0.005       [1,37,8,64]          values=[-0.122,0.2127,-0.089,-0.352,0.0300,...]
ATTENTION      0.182       [1,37,32,64]         values=[-0.017,0.0138,-0.005,-0.018,0.0012,...] weights=[-0.122,0.2127,-0.089,-0.352,0.0300,...]
RESHAPE        0.011       [37,2048]            values=[-0.017,0.0138,-0.005,-0.018,0.0012,...]
MATMUL         0.686       [37,2048]            values=[-0.024,-0.004,-0.013,-0.001,-0.023,...] weights=[4,3,-2,4,2,...]
ADD            0.057       [37,2048]            values=[-0.135,0.1173,0.1630,-0.139,0.1049,...]
RMS_NORM       0.021       [37,2048]            values=[-0.028,0.0260,0.0320,-0.027,0.0240,...] weights=[0.2197,0.2285,0.2021,0.2070,0.2363,...]
MATMUL         2.519       [37,8192]            values=[-0.070,-0.094,-0.050,-0.105,-0.068,...] weights=[1,-1,-4,0,0,...]
MATMUL         2.973       [37,8192]            values=[-0.033,-0.009,0.0163,-0.049,-0.069,...] weights=[5,1,-1,-4,11,...]
SILU           0.303       [37,8192]            values=[-0.033,-0.045,-0.024,-0.050,-0.033,...]
MULTIPLY       0.145       [37,8192]            values=[0.0011,0.0004,-0.000,0.0025,0.0023,...]
MATMUL         3.615       [37,2048]            values=[0.0026,-0.000,-0.000,0.0000,0.0000,...] weights=[1,-4,-1,-2,-2,...]
ADD            0.052       [37,2048]            values=[-0.133,0.1171,0.1627,-0.139,0.1049,...]
RMS_NORM       0.020       [37,2048]            values=[-0.043,0.0393,0.0542,-0.044,0.0360,...] weights=[0.3398,0.3457,0.3437,0.3300,0.3535,...]
MATMUL         1.684       [37,6144]            values=[-0.021,0.0586,-0.192,-0.017,0.1116,...] weights=[-3,-9,-6,-10,7,...]
RESHAPE        0.008       [37,3,2048]          values=[-0.021,0.0586,-0.192,-0.017,0.1116,...]
SLICE          0.003       [37,1,2048]          values=[-0.021,0.0586,-0.192,-0.017,0.1116,...]
SLICE          0.005       [37,1,2048]          values=[-0.078,0.1022,-0.049,0.0023,-0.029,...]
SLICE          0.014       [37,1,2048]          values=[0.0159,0.0556,0.1169,0.0719,-0.046,...]
RESHAPE        0.012       [37,2048]            values=[-0.021,0.0586,-0.192,-0.017,0.1116,...]
RESHAPE        0.012       [37,2048]            values=[-0.078,0.1022,-0.049,0.0023,-0.029,...]
RESHAPE        0.013       [37,2048]            values=[0.0159,0.0556,0.1169,0.0719,-0.046,...]
MULTIPLY       0.073       [37,2048]            values=[-0.000,0.0032,-0.022,-0.001,-0.005,...]
RESHAPE        0.016       [1,37,2048]          values=[-0.000,0.0032,-0.022,-0.001,-0.005,...]
CONV1D_CAUSAL  0.153       [1,37,2048]          values=[-0.000,0.0004,-0.003,-0.000,0.0009,...]
SLICE          0.013       [1,37,2048]          values=[-0.000,0.0004,-0.003,-0.000,0.0009,...]
RESHAPE        0.014       [37,2048]            values=[-0.000,0.0004,-0.003,-0.000,0.0009,...]
MULTIPLY       0.059       [37,2048]            values=[0.0000,0.0000,0.0001,-0.000,-0.000,...]
MATMUL         0.570       [37,2048]            values=[0.0127,0.0000,0.0000,0.0000,0.0000,...] weights=[-5,3,-2,2,4,...]
ADD            0.034       [37,2048]            values=[-0.120,0.1171,0.1627,-0.139,0.1049,...]
RMS_NORM       0.017       [37,2048]            values=[-0.029,0.0288,0.0373,-0.031,0.0269,...] weights=[0.2578,0.2617,0.2441,0.2402,0.2734,...]
MATMUL         2.217       [37,8192]            values=[-0.079,-0.000,0.1017,-0.139,-0.002,...] weights=[6,4,1,8,-8,...]
MATMUL         2.261       [37,8192]            values=[0.0375,0.0081,-0.080,0.0249,0.0626,...] weights=[9,-8,5,3,-2,...]
SILU           0.221       [37,8192]            values=[-0.038,-0.000,0.0534,-0.064,-0.001,...]
MULTIPLY       0.117       [37,8192]            values=[-0.001,-0.000,-0.004,-0.001,-0.000,...]
MATMUL         2.762       [37,2048]            values=[-0.002,-0.002,-0.002,-0.005,-0.000,...] weights=[2,-4,-3,3,1,...]
ADD            0.064       [37,2048]            values=[-0.122,0.1145,0.1602,-0.144,0.1046,...]
RMS_NORM       0.029       [37,2048]            values=[-0.012,0.0114,0.0242,-0.016,0.0106,...] weights=[0.1044,0.1064,0.1601,0.1210,0.1079,...]
MATMUL         0.756       [37,2048]            values=[-0.079,0.0132,-0.033,-0.019,0.0310,...] weights=[-15,-45,-18,2,-2,...]
MATMUL         0.348       [37,512]             values=[-0.002,0.0001,0.0037,-0.012,-0.002,...] weights=[-18,-3,17,-5,25,...]
MATMUL         0.351       [37,512]             values=[-0.001,0.0168,0.0363,-0.013,0.0012,...] weights=[12,5,1,-30,1,...]
RESHAPE        0.003       [1184,64]            values=[-0.079,0.0132,-0.033,-0.019,0.0310,...]
RMS_NORM       0.017       [1184,64]            values=[-0.115,0.4572,-1.180,-0.897,1.1318,...] weights=[0.0534,1.2656,1.2890,1.6562,1.3359,...]
RESHAPE        0.012       [37,2048]            values=[-0.115,0.4572,-1.180,-0.897,1.1318,...]
RESHAPE        0.003       [296,64]             values=[-0.002,0.0001,0.0037,-0.012,-0.002,...]
RMS_NORM       0.005       [296,64]             values=[-0.003,-0.000,0.1341,-0.368,-0.093,...] weights=[0.0644,-0.000,1.5937,1.2968,1.5625,...]
RESHAPE        0.004       [37,512]             values=[-0.003,-0.000,0.1341,-0.368,-0.093,...]
RESHAPE        0.015       [1,37,32,64]         values=[-0.115,0.4572,-1.180,-0.897,1.1318,...]
RESHAPE        0.003       [1,37,8,64]          values=[-0.003,-0.000,0.1341,-0.368,-0.093,...]
RESHAPE        0.003       [1,37,8,64]          values=[-0.001,0.0168,0.0363,-0.013,0.0012,...]
ROPE           0.021       [1,37,32,64]         values=[-0.115,0.4572,-1.180,-0.897,1.1318,...]
ROPE           0.005       [1,37,8,64]          values=[-0.003,-0.000,0.1341,-0.368,-0.093,...]
ATTENTION      0.233       [1,37,32,64]         values=[-0.001,0.0168,0.0363,-0.013,0.0012,...] weights=[-0.003,-0.000,0.1341,-0.368,-0.093,...]
RESHAPE        0.016       [37,2048]            values=[-0.001,0.0168,0.0363,-0.013,0.0012,...]
MATMUL         1.039       [37,2048]            values=[0.0388,-0.010,0.0513,-0.033,0.0084,...] weights=[-4,8,0,-2,2,...]
ADD            0.063       [37,2048]            values=[-0.084,0.1038,0.2116,-0.177,0.1131,...]
RMS_NORM       0.024       [37,2048]            values=[-0.025,0.0311,0.0584,-0.049,0.0345,...] weights=[0.3164,0.3183,0.2929,0.2949,0.3242,...]
MATMUL         3.526       [37,8192]            values=[-0.098,-0.055,-0.056,0.1855,0.0029,...] weights=[-1,-2,7,1,-7,...]
MATMUL         2.133       [37,8192]            values=[0.0130,-0.098,-0.015,-0.004,0.0022,...] weights=[-7,2,-11,-4,5,...]
SILU           0.230       [37,8192]            values=[-0.046,-0.026,-0.027,0.1013,0.0014,...]
MULTIPLY       0.117       [37,8192]            values=[-0.000,0.0026,0.0004,-0.000,0.0000,...]
MATMUL         2.680       [37,2048]            values=[-0.001,0.0004,-0.001,0.0016,0.0004,...] weights=[1,3,0,0,1,...]
ADD            0.042       [37,2048]            values=[-0.085,0.1042,0.2100,-0.176,0.1135,...]
RMS_NORM       0.029       [37,2048]            values=[-0.034,0.0425,0.0795,-0.067,0.0459,...] weights=[0.4238,0.4335,0.4023,0.4062,0.4296,...]
MATMUL         1.913       [37,6144]            values=[-0.195,0.1233,-0.197,-0.118,0.1107,...] weights=[5,-3,-7,-2,6,...]
RESHAPE        0.008       [37,3,2048]          values=[-0.195,0.1233,-0.197,-0.118,0.1107,...]
SLICE          0.003       [37,1,2048]          values=[-0.195,0.1233,-0.197,-0.118,0.1107,...]
SLICE          0.006       [37,1,2048]          values=[-0.119,-0.173,0.1521,0.1700,-0.169,...]
SLICE          0.015       [37,1,2048]          values=[-0.045,0.0878,0.0845,0.0526,0.0927,...]
RESHAPE        0.012       [37,2048]            values=[-0.195,0.1233,-0.197,-0.118,0.1107,...]
RESHAPE        0.012       [37,2048]            values=[-0.119,-0.173,0.1521,0.1700,-0.169,...]
RESHAPE        0.012       [37,2048]            values=[-0.045,0.0878,0.0845,0.0526,0.0927,...]
MULTIPLY       0.061       [37,2048]            values=[0.0088,0.0108,-0.016,-0.006,0.0102,...]
RESHAPE        0.017       [1,37,2048]          values=[0.0088,0.0108,-0.016,-0.006,0.0102,...]
CONV1D_CAUSAL  0.154       [1,37,2048]          values=[0.0013,0.0016,-0.002,0.0008,0.0017,...]
SLICE          0.014       [1,37,2048]          values=[0.0013,0.0016,-0.002,0.0008,0.0017,...]
RESHAPE        0.014       [37,2048]            values=[0.0013,0.0016,-0.002,0.0008,0.0017,...]
MULTIPLY       0.103       [37,2048]            values=[-0.000,-0.000,-0.000,0.0001,-0.000,...]
MATMUL         0.810       [37,2048]            values=[0.0008,-0.000,0.0000,-0.001,0.0009,...] weights=[-3,-2,3,3,7,...]
ADD            0.059       [37,2048]            values=[-0.084,0.1041,0.2100,-0.177,0.1145,...]
RMS_NORM       0.018       [37,2048]            values=[-0.032,0.0404,0.0703,-0.062,0.0436,...] weights=[0.4121,0.4121,0.3554,0.3750,0.4042,...]
MATMUL         2.933       [37,8192]            values=[0.0861,-0.058,0.0416,0.0003,0.0230,...] weights=[-6,2,2,-2,9,...]
MATMUL         2.768       [37,8192]            values=[-0.091,-0.065,-0.080,-0.088,-0.024,...] weights=[-1,5,-1,1,-8,...]
SILU           0.182       [37,8192]            values=[0.0449,-0.028,0.0212,0.0001,0.0116,...]
MULTIPLY       0.069       [37,8192]            values=[-0.004,0.0018,-0.001,-0.000,-0.000,...]
MATMUL         3.483       [37,2048]            values=[0.0023,-0.003,0.0007,-0.005,0.0015,...] weights=[2,-4,3,0,2,...]
ADD            0.046       [37,2048]            values=[-0.082,0.1009,0.2108,-0.182,0.1161,...]
RMS_NORM       0.020       [37,2048]            values=[-0.009,0.0117,0.0261,-0.022,0.0120,...] weights=[0.1201,0.1225,0.1308,0.1308,0.1093,...]
MATMUL         0.585       [37,2048]            values=[0.0826,0.0104,-0.012,-0.005,-0.022,...] weights=[-21,10,-21,-29,-32,...]
MATMUL         0.336       [37,512]             values=[0.0318,-0.002,-0.002,0.0150,0.0011,...] weights=[2,-10,1,8,7,...]
MATMUL         0.365       [37,512]             values=[0.0110,-0.001,0.0252,-0.015,0.0105,...] weights=[12,16,1,4,-5,...]
RESHAPE        0.010       [1184,64]            values=[0.0826,0.0104,-0.012,-0.005,-0.022,...]
RMS_NORM       0.008       [1184,64]            values=[0.0783,0.4331,-0.545,-0.090,-0.943,...] weights=[0.0267,1.1718,1.2031,0.4843,1.2031,...]
RESHAPE        0.010       [37,2048]            values=[0.0783,0.4331,-0.545,-0.090,-0.943,...]
RESHAPE        0.004       [296,64]             values=[0.0318,-0.002,-0.002,0.0150,0.0011,...]
RMS_NORM       0.005       [296,64]             values=[-0.001,0.0000,-0.066,0.0052,0.0003,...] weights=[-0.003,-0.000,1.6640,0.0240,0.0179,...]
RESHAPE        0.003       [37,512]             values=[-0.001,0.0000,-0.066,0.0052,0.0003,...]
RESHAPE        0.012       [1,37,32,64]         values=[0.0783,0.4331,-0.545,-0.090,-0.943,...]
RESHAPE        0.004       [1,37,8,64]          values=[-0.001,0.0000,-0.066,0.0052,0.0003,...]
RESHAPE        0.004       [1,37,8,64]          values=[0.0110,-0.001,0.0252,-0.015,0.0105,...]
ROPE           0.020       [1,37,32,64]         values=[0.0783,0.4331,-0.545,-0.090,-0.943,...]
ROPE           0.005       [1,37,8,64]          values=[-0.001,0.0000,-0.066,0.0052,0.0003,...]
ATTENTION      0.172       [1,37,32,64]         values=[0.0110,-0.001,0.0252,-0.015,0.0105,...] weights=[-0.001,0.0000,-0.066,0.0052,0.0003,...]
RESHAPE        0.013       [37,2048]            values=[0.0110,-0.001,0.0252,-0.015,0.0105,...]
MATMUL         0.618       [37,2048]            values=[0.0057,-0.051,0.0532,0.0175,-0.007,...] weights=[4,4,-1,2,6,...]
ADD            0.026       [37,2048]            values=[-0.076,0.0491,0.2641,-0.165,0.1090,...]
RMS_NORM       0.041       [37,2048]            values=[-0.030,0.0194,0.0997,-0.061,0.0432,...] weights=[0.4121,0.4101,0.3906,0.3847,0.4101,...]
MATMUL         2.094       [37,8192]            values=[0.2551,0.0377,0.1140,0.2651,0.3439,...] weights=[-1,-2,-21,-9,2,...]
MATMUL         2.556       [37,8192]            values=[-0.263,0.1163,-0.231,0.1005,0.1650,...] weights=[1,2,4,1,1,...]
SILU           0.275       [37,8192]            values=[0.1437,0.0192,0.0602,0.1500,0.2011,...]
MULTIPLY       0.120       [37,8192]            values=[-0.037,0.0022,-0.013,0.0150,0.0332,...]
MATMUL         3.034       [37,2048]            values=[0.3122,-0.708,-0.108,0.0165,0.5488,...] weights=[2,-1,0,-1,-3,...]
ADD            0.057       [37,2048]            values=[0.2355,-0.659,0.1560,-0.148,0.6577,...]
RMS_NORM       0.023       [37,2048]            values=[0.0964,-0.263,0.0583,-0.057,0.2658,...] weights=[0.4531,0.4414,0.4140,0.4257,0.4472,...]
MATMUL         3.591       [37,6144]            values=[0.6865,-0.475,-0.153,0.2137,0.6030,...] weights=[16,5,5,-4,3,...]
RESHAPE        0.047       [37,3,2048]          values=[0.6865,-0.475,-0.153,0.2137,0.6030,...]
SLICE          0.020       [37,1,2048]          values=[0.6865,-0.475,-0.153,0.2137,0.6030,...]
SLICE          0.015       [37,1,2048]          values=[1.8369,0.5249,-2.853,3.2519,0.5439,...]
SLICE          0.017       [37,1,2048]          values=[-0.136,0.5439,0.4772,0.0125,-0.448,...]
RESHAPE        0.016       [37,2048]            values=[0.6865,-0.475,-0.153,0.2137,0.6030,...]
RESHAPE        0.015       [37,2048]            values=[1.8369,0.5249,-2.853,3.2519,0.5439,...]
RESHAPE        0.065       [37,2048]            values=[-0.136,0.5439,0.4772,0.0125,-0.448,...]
MULTIPLY       0.046       [37,2048]            values=[-0.093,-0.258,-0.073,0.0026,-0.270,...]
RESHAPE        0.017       [1,37,2048]          values=[-0.093,-0.258,-0.073,0.0026,-0.270,...]
CONV1D_CAUSAL  0.189       [1,37,2048]          values=[0.0175,0.0596,-0.012,-0.000,-0.054,...]
SLICE          0.013       [1,37,2048]          values=[0.0175,0.0596,-0.012,-0.000,-0.054,...]
RESHAPE        0.015       [37,2048]            values=[0.0175,0.0596,-0.012,-0.000,-0.054,...]
MULTIPLY       0.072       [37,2048]            values=[0.0322,0.0313,0.0353,-0.000,-0.029,...]
MATMUL         0.801       [37,2048]            values=[-0.021,0.1480,-0.084,-0.139,0.1428,...] weights=[0,2,-5,-6,0,...]
ADD            0.065       [37,2048]            values=[0.2144,-0.511,0.0717,-0.288,0.8007,...]
RMS_NORM       0.014       [37,2048]            values=[0.0968,-0.236,0.0309,-0.124,0.3598,...] weights=[0.4101,0.4199,0.3925,0.3925,0.4082,...]
MATMUL         2.762       [37,8192]            values=[-0.007,0.9116,0.2551,-2.000,-1.174,...] weights=[-3,-10,-14,8,5,...]
MATMUL         2.391       [37,8192]            values=[-0.130,-0.152,-0.091,1.3027,-0.109,...] weights=[-2,5,-4,8,4,...]
SILU           0.281       [37,8192]            values=[-0.003,0.6503,0.1437,-0.238,-0.277,...]
MULTIPLY       0.132       [37,8192]            values=[0.0004,-0.099,-0.013,-0.310,0.0304,...]
MATMUL         3.440       [37,2048]            values=[-0.708,0.1470,0.7734,-0.099,-1.220,...] weights=[-2,-2,2,0,0,...]
ADD            0.053       [37,2048]            values=[-0.494,-0.364,0.8452,-0.388,-0.419,...]
RMS_NORM       0.028       [37,2048]            values=[-1.562,-1.117,2.3476,-1.184,-1.312,...] weights=[2.0000,1.9375,1.7578,1.9296,1.9765,...]
------------------------------------------------------------
Total execution time: 197.141 ms
================================
